timestamp,success,translation_x,translation_y,translation_z,rotation_right_x,rotation_right_y,rotation_right_z,rotation_up_x,rotation_up_y,rotation_up_z,rotation_forward_x,rotation_forward_y,rotation_forward_z
1678298983.69824,True,-5.55362477501095,-4.26961031361758,60.4390486996874,0.945085169917486,-0.15842965161603,0.285856724760604,-0.100897807821257,-0.973361627306832,-0.205880486844819,0.310859540594946,0.165732278013121,-0.935894843476381
1678298983.76107,True,-5.38842195554041,-4.06247754685895,60.4578247594403,0.944338389195856,-0.154848923883707,0.290253023176391,-0.0950287660439789,-0.973081055439834,-0.209959027355951,0.314951647582824,0.170689983057461,-0.933632898610963
1678298983.8259,True,-5.27621379824944,-3.75553098983935,60.3979711677048,0.943655853126534,-0.15188996626257,0.294012021877999,-0.0877422443634073,-0.97148585122106,-0.220264703099167,0.319084517665941,0.182056801647308,-0.930075476270526
1678298983.89072,True,-5.18953722303944,-3.290218406242,60.2362937511639,0.941574698641095,-0.148368198081976,0.302363960611774,-0.0761386681317721,-0.968270060400479,-0.238025194773941,0.328085339651212,0.201096911786233,-0.922995147319848
1678298983.95655,True,-5.13720492000604,-2.68407618524491,60.1339215404748,0.941357855928805,-0.14372466223016,0.305268092908428,-0.0656142785874972,-0.965445328220029,-0.252210397611921,0.330968508360787,0.217390293446942,-0.918259934217152
1678298984.02237,True,-5.25211543693496,-1.95362367450496,59.8767516836264,0.939638327235294,-0.142410943818901,0.311125275525902,-0.0530777989620864,-0.958931140321498,-0.278628454001117,0.338027456351994,0.245296129611378,-0.908607312071546
1678298984.0862,True,-5.72111846988847,-1.27048551190988,59.3423706392362,0.937159691768652,-0.149413664173403,0.315289183262544,-0.0458141386876696,-0.948538641478798,-0.313329715025343,0.345879714381158,0.279195276786398,-0.8957774392112
1678298984.15003,True,-6.75617703524644,-0.800561358522929,58.5424853064168,0.938238484181834,-0.160646093252989,0.306433319863762,-0.048574967458598,-0.938061452892551,-0.343046910980863,0.34256243129767,0.306974825221333,-0.887928734383431
1678298984.21386,True,-8.36486537534294,-0.596171067514532,57.5778179706118,0.94207710685806,-0.176372631181828,0.285277793920147,-0.0659163513511036,-0.931343731005182,-0.358125521768424,0.328855225530179,0.318577384142922,-0.889023447921453
1678298984.28367,True,-10.3026302971752,-0.703668778513445,56.6239463975919,0.949875086558262,-0.195130236320669,0.244257058873175,-0.0957208786548727,-0.925300865933239,-0.366954794072428,0.29761524377201,0.325180716489522,-0.897598277793517
1678298984.35749,True,-12.1959304148552,-1.24598985636298,55.9877007651707,0.956548288691665,-0.215428626858419,0.196483785923786,-0.128683362091179,-0.916607228413934,-0.37851259046462,0.261640906056294,0.336781376488105,-0.904501155736585
1678298984.42232,True,-13.6946668669653,-2.33390258110152,55.8359061950144,0.95930412221777,-0.236208561065343,0.154729172347795,-0.162685883591432,-0.910202294563309,-0.380874108140422,0.23080057273774,0.340201849864352,-0.911588611695432
1678298984.48515,True,-14.5064374162586,-3.8783808969198,56.1820949368947,0.960382702089205,-0.252564825468145,0.117796750651635,-0.195482459778275,-0.911778327674349,-0.361174319549997,0.198624453295341,0.323838370363386,-0.925028127374251
1678298984.54997,True,-14.4793149873898,-5.67847990685712,56.8752084036627,0.950804684247524,-0.269975325561467,0.151933459122561,-0.226066401559688,-0.939989466068705,-0.255565619295174,0.21181226239012,0.208645937578117,-0.954778737841039
1678298984.6168,True,-13.6645906044807,-7.51342564420257,57.7450754699058,0.930030689428544,-0.283687991448559,0.233589469430772,-0.255258760874343,-0.955982503665016,-0.144708042911452,0.264359379856214,0.0749571623945986,-0.961506912137291
1678298984.68262,True,-12.1166035611128,-9.07208855073394,58.6430714181859,0.908976000529421,-0.283262947983939,0.305818136743042,-0.268490357891026,-0.959042282834545,-0.0902819331597089,0.318866050530762,-4.51104601292411E-05,-0.947799788871025
1678298984.75842,True,-10.0051406047471,-10.143907891545,59.7690070789453,0.892104078781463,-0.269965698519289,0.362310411449174,-0.263595176455257,-0.962237599393977,-0.0679439862095118,0.366971246245533,-0.0348901696113448,-0.929577743114309
1678298984.82125,True,-7.65824095590034,-10.6787880426796,61.0695268183971,0.881797864343481,-0.250052052442983,0.399883104804801,-0.242083622059825,-0.967635965216031,-0.0712471666161889,0.404756774334502,-0.0339795510489955,-0.91379283414833
1678298984.88561,True,-5.33439886139084,-10.5873519875151,61.8186423962916,0.962394918992004,-0.211301405485277,0.170727080272349,-0.190956103857708,-0.973208002119248,-0.128070101938533,0.19321435323976,0.0906526373086223,-0.97695972949305
1678298984.95343,True,-3.26346112652076,-9.91573156158275,62.2504509367197,0.974936407014385,-0.145100809288606,-0.168655736403105,-0.163642335446609,-0.981259278569472,-0.101741900271706,-0.150732174161529,0.126791101285185,-0.980410030705229
1678298985.02125,True,-1.47047039345762,-8.6621314049252,62.6246233733541,0.839044245961832,-0.105498857605457,-0.533736587056091,-0.0973739759129335,-0.994298507738262,0.0434601694011026,-0.53527849025834,0.0155070485073295,-0.844533284905541
1678298985.08109,True,-0.555074739258502,-7.39788547001235,62.9757642059414,0.844582539359846,-0.178624938191294,0.504750894664517,-0.0458235767250325,-0.963365602633376,-0.264247829657989,0.53346090205806,0.200049611644184,-0.821827000564238
1678298985.15988,True,0.686770610573896,-4.83284851788588,63.4854645888645,0.850062728051171,-0.166870887187664,0.49954726041427,-0.0111702169864049,-0.953979594238732,-0.299663411227632,0.526562992082312,0.249152645551489,-0.812806480402326
1678298985.22869,True,1.15294281519262,-2.47756047954021,63.8476066256627,0.865421084739239,-0.156956124276671,0.475826776401669,0.00937443469249413,-0.944429825537342,-0.328579403812384,0.500957549162556,0.288820151110603,-0.815858109139999
1678298985.29851,True,0.930593456175828,-0.558326325750923,63.4215703112214,0.876928330961597,-0.151123211974668,0.456243879037701,0.0220857988757037,-0.935606070607783,-0.35235422252314,0.48011344476585,0.319065910815186,-0.817121793070498
1678298985.36792,True,0.229957287918472,0.983006090981263,62.7849589299007,0.894722790494659,-0.137325305255932,0.42498575117975,0.0283158560424796,-0.932199945847161,-0.360834412520661,0.445723390081823,0.334880607827498,-0.830172053272725
1678298985.42975,True,-0.755287645326709,2.30784854625034,62.185253168683,0.888746490678392,-0.129727554576152,0.439659455590954,0.0576742376306375,-0.919852907796073,-0.38800039991324,0.454756371720691,0.370191017723014,-0.810034105934208
1678298985.49358,True,-1.76947153945524,3.6279352471171,61.6632592776482,0.897768652924192,-0.119221169529101,0.42402565790621,0.0553244548097015,-0.924526721714625,-0.377080290569022,0.436979004674928,0.3619898528574,-0.823415263340186
1678298985.55841,True,-2.53517715880179,5.18724989478416,62.1853831032416,0.916180489313536,-0.0951926546056136,0.389296377468821,0.0588077471033827,-0.928933268957972,-0.365547029400706,0.396427748627458,0.357800699177898,-0.84547247133539
1678298985.62223,True,-3.00886764058113,6.40743634678673,62.7987243873728,0.925086353275547,-0.0653359406322232,0.374094177774866,0.0788686621455572,-0.930556005155907,-0.357554548844856,0.371476746398372,0.360273141005517,-0.855691703100654
1678298985.68706,True,-3.41155495002399,6.73662956304936,63.1769985693974,0.932551629955336,-0.041470278780426,0.358647003954474,0.0954258197538494,-0.929741989201279,-0.355631475604106,0.348197315314108,0.365868896592648,-0.863075072119526
1678298985.74989,True,-3.79490314516915,5.96608153316601,62.9637538104296,0.937856469569188,-0.0278867625225973,0.345901099974005,0.104550648984009,-0.927746250531544,-0.35826813481202,0.330899386950537,0.372168272560504,-0.867177244059765
1678298985.81273,True,-4.19157155154821,4.27147450822987,62.4465654188563,0.941770889261511,-0.029841322247724,0.334928481359962,0.099323141368798,-0.92692271686928,-0.361869024013256,0.321251468056127,0.374063861443712,-0.869984897474435
1678298985.89251,True,-4.65640197952001,1.9581863746144,62.0499006772094,0.951127374811547,-0.0381831741816754,0.306429049036653,0.0778518467016827,-0.930621553769293,-0.35760678632426,0.298824039945305,0.363985671241931,-0.882167004756654
1678298985.95834,True,-5.1603249814005,-0.646624797189145,62.3737361332855,0.967552636218772,-0.0449725221975138,0.248635010393344,0.0387191831749093,-0.946019747146817,-0.321787915967241,0.249685243857886,0.320973690908564,-0.913582600942116
1678298986.02117,True,-5.56144366971049,-3.0887704626945,62.2670881296765,0.975226205323502,-0.0540234164608403,0.214511815348763,0.00761467688690011,-0.9609472952062,-0.276626666342559,0.221078866349163,0.271407012270847,-0.936729613359149
1678298986.08699,True,-5.78632922015193,-5.21312712641801,62.2975888748678,0.979626741723844,-0.0588026898432535,0.192025234192599,-0.0221734449680776,-0.981996776367514,-0.187591762990967,0.199599061214656,0.179512046590221,-0.96329416062344
1678298986.14982,True,-5.84365792538613,-6.92443770499536,62.0652803952064,0.975820636533679,-0.0657397663996493,0.208452316918584,-0.0417732067261077,-0.992210168019761,-0.117362607665368,0.214543898805871,0.105817132790095,-0.97096531858417
1678298986.21266,True,-5.76496287972234,-8.00615528911101,61.6439483215252,0.964555010486325,-0.0751935558563861,0.252941813276095,-0.0548645357566402,-0.994740415857915,-0.086495015897046,0.258115312335271,0.0695516658067543,-0.963607311782954
1678298986.29344,True,-5.56046164615489,-8.18538491743881,61.2112225375476,0.952344380401751,-0.0786618265017421,0.294707478983168,-0.0576647701411437,-0.99518265201406,-0.079285959758528,0.299524548913397,0.0585132991863533,-0.952292622263007
1678298986.36126,True,-5.30484150398475,-7.46480370424938,60.8548254061081,0.943685617552428,-0.0737626337950481,0.322515936164881,-0.048943357001389,-0.995228377671801,-0.0844098577311309,0.32720330534719,0.06387135611816,-0.942792897108109
1678298986.42708,True,-5.09080955296055,-6.12377313848924,60.5419024255281,0.938313222065537,-0.0660466384915235,0.339420298215886,-0.0347858677186574,-0.994639230986188,-0.0973793796974684,0.344032325085959,0.0795653299319098,-0.935580631249266
1678298986.49092,True,-4.94238407470439,-4.50728979627453,60.3502712215155,0.937539963789633,-0.0574363892284607,0.343103304399318,-0.0158430421715285,-0.992302200358444,-0.122822396893001,0.347516638899615,0.109715105414831,-0.931232936129155
1678298986.55773,True,-4.80028909542224,-2.71994593822372,59.9000679696813,0.932679540042426,-0.056089285547861,0.356318491848205,0.0124246513791237,-0.982254292545312,-0.187142012424834,0.360492029904069,0.178970659112157,-0.915431591956823
1678298986.62455,True,-4.70138829226923,-0.977005813961383,59.4176483347409,0.928375316160093,-0.0513375330586651,0.368081146004651,0.0436685209842463,-0.968483811939452,-0.245218609176131,0.369069549840806,0.243728463070439,-0.89687463096557
1678298986.69337,True,-4.73153985733765,0.374062930997719,59.5462375425485,0.93418350419545,-0.0410801779471397,0.354420088974851,0.0612267525206558,-0.960156893131199,-0.272672010570241,0.351500306208806,0.276425685406538,-0.894447525114045
1678298986.75919,True,-4.74086214798672,1.09957244210631,59.3151552763589,0.935363649668029,-0.0386167052812715,0.351573026486567,0.0766179172931087,-0.948295137862538,-0.308003289358955,0.345289063871665,0.315031873910386,-0.884042069582177
1678298986.82502,True,-4.76167628531052,1.10768810373379,59.1724489073455,0.937469512848799,-0.0395408574026486,0.345814159737422,0.0825405544472197,-0.939931880513503,-0.331232723120612,0.338138979342195,0.339064272063888,-0.877893757842716
1678298986.89383,True,-4.82046987885142,0.443921450116235,59.2789422373228,0.943454684045733,-0.0408076095603342,0.328980239762417,0.0777073515399301,-0.937519951837894,-0.339142901182558,0.322265149634297,0.345530141822452,-0.881336538686182
1678298986.95666,True,-4.94168869678894,-0.753486860537294,59.8776805069697,0.955640848154557,-0.0406367798128894,0.291717708521231,0.0568643006061008,-0.946346891452156,-0.318110063272794,0.288993115238094,0.320587294141987,-0.902056963932822
1678298987.02847,True,-5.08925861896914,-2.26220978451469,60.7527043070844,0.965575749429449,-0.0448778242022957,0.25622149208961,0.0242641644169493,-0.965171039557925,-0.260492062688715,0.25898788087265,0.257741819062297,-0.930856826943624
1678298987.10028,True,-5.2250639000742,-3.80750837688192,61.1910589835579,0.969975275936672,-0.0532116488032273,0.237310944760707,-0.00899047933091629,-0.982949280670218,-0.183656970766973,0.243037312676424,0.176009181753517,-0.953914897978577
1678298987.16411,True,-5.28154747295438,-4.88654088323654,60.8304233584647,0.962600851959405,-0.0648755816063238,0.263041363131863,-0.0322643211724931,-0.991447418568366,-0.126455643580673,0.268995563878488,0.113239459224094,-0.95646129638806
1678298987.23093,True,-5.20834916755049,-5.02577387785294,59.8183475567194,0.95090550586352,-0.0733489950194767,0.300663672311897,-0.0385067478829501,-0.992000133047078,-0.120220490774483,0.307076455114882,0.102740746367795,-0.946122819590494
1678298987.29376,False
1678298987.34762,False
1678298987.41145,False
1678298987.49124,False
1678298987.55506,False
1678298987.62189,False
1678298987.68372,False
1678298987.74755,False
1678298987.81238,False
1678298987.89216,False
1678298987.95599,False
1678298988.01882,False
1678298988.08465,False
1678298988.14648,False
1678298988.2123,False
1678298988.29209,False
1678298988.35592,False
1678298988.41975,False
1678298988.48358,False
1678298988.54741,False
1678298988.61124,False
1678298988.69202,False
1678298988.75485,False
1678298988.82068,True,-3.3735935570304,-5.00220110456288,58.0394082121002,0.931505953258516,-0.0563892131354116,0.359328423153407,0.0132880860215443,-0.981974061324758,-0.188548056620176,0.363483267584395,0.180408424213866,-0.913965379354623
1678298988.8855,True,-3.18352467927888,-5.05203085455175,57.2430259429217,0.953346468868903,-9.57480815992583E-05,0.30187828859906,0.0430333680375098,-0.989744154147459,-0.136215412366882,0.298795313769377,0.142851321881306,-0.943564974077685
1678298988.94933,True,-3.41620563431853,-5.06514789550424,56.6481250837133,0.966806163670907,0.0397713046297009,0.252396682260275,0.0648880046814165,-0.993644363929136,-0.0919805679495771,0.2471343536144,0.105304897131681,-0.963242176144545
1678298989.01416,True,-3.7849758058947,-4.94285959839013,55.8921205186084,0.953954908678513,0.0335095504714134,0.298072377511525,0.065485647480816,-0.993035114413561,-0.0979433076614397,0.292714301294262,0.112952961753329,-0.949505116494357
1678298989.09295,True,-4.20180813707096,-4.56868977495692,55.3758872723062,0.95910509491373,0.0336579543196423,0.281041916840782,0.0718384718895491,-0.989339277765929,-0.126676862236813,0.27378212298669,0.141686045821764,-0.951298277908824
1678298989.15778,True,-4.57787623631261,-3.95927508565502,55.2198230844653,0.959151843079604,0.0361430858124415,0.280573375901835,0.06721639314556,-0.992518417635053,-0.101927165896597,0.274790280776995,0.116622759370397,-0.954405277430576
1678298989.2216,True,-4.89040293039089,-3.17061411056405,55.2955177711324,0.958059045058714,0.0346871917050006,0.284463820041856,0.0655540553146396,-0.992854254467374,-0.0997150701641452,0.278972278215937,0.114180681893461,-0.953486885001233
1678298989.28843,True,-5.11786820603348,-2.25754931338999,55.4662873386978,0.954538713917843,0.0243409956105833,0.297091500323984,0.0632907030537091,-0.990485694005439,-0.122198105048853,0.291290457342903,0.135445951963316,-0.946997499235195
1678298989.35724,True,-5.21100546878631,-1.22880148594225,55.7303378510534,0.950571671206642,0.0118665861135465,0.310278394403191,0.0596789845632057,-0.987621167041169,-0.145061535955413,0.304716124779961,0.156408486170824,-0.939512889082866
1678298989.42107,True,-5.15458259171106,-0.0472401518966436,55.7587730009495,0.94530851706189,-0.00255248914344704,0.326167583259622,0.0629285011085113,-0.979755870785307,-0.190048513306369,0.320049701325412,0.200179715408174,-0.926010944978847
1678298989.49587,True,-4.97962881689372,1.16298891474682,55.5562279350817,0.937429773927706,-0.0160400066705328,0.347804739961749,0.0720905256862137,-0.968349160574574,-0.238962045774644,0.340629380794047,0.249083563087826,-0.906603002167617
1678298989.5587,True,-4.92444830724357,2.2820896954814,55.8691891143864,0.941413004833054,-0.0106482800444421,0.337087775606437,0.0784068111631322,-0.965204916091981,-0.249463107322708,0.328015131197373,0.261277791027036,-0.90782156265513
1678298989.62253,True,-4.90769920097143,3.13651011517434,56.0491945196967,0.944320369393345,-0.0116397169702616,0.328821466661878,0.0805763300912613,-0.960762402906736,-0.265411115422656,0.319008612701664,0.277128349595862,-0.906329621535362
1678298989.68536,True,-4.97919966229141,3.6644201222969,55.8405525494332,0.945138682264998,-0.0166310166961835,0.326245736477941,0.0825210138353043,-0.954157390902761,-0.287704632672521,0.316074601260487,0.298842906339247,-0.900438650752363
1678298989.75119,True,-5.20541819994876,3.86146615639853,55.8813550501723,0.950176151814938,-0.0159123334374733,0.31130704805181,0.0808935132972577,-0.951893110773794,-0.295560053403392,0.301034084496396,0.306016835004161,-0.903178928377679
1678298989.82998,True,-5.55816845985113,3.74266929869635,55.8171587271481,0.951933766780781,-0.0140722704510044,0.305980513867969,0.0830655890852779,-0.949650342136836,-0.302099876844242,0.294825730852089,0.312995525341409,-0.902835305880196
1678298989.89381,True,-6.1489591009309,3.34641125752613,55.6138385733157,0.952204416651201,-0.0177091638561209,0.304947756878883,0.0805265829106617,-0.948450344549672,-0.306524735328718,0.294656101845316,0.316430607620573,-0.901692548603013
1678298989.95664,True,-7.0125373265586,2.84365932015632,55.3153786025359,0.954671778991433,-0.0282905831394439,0.296313073121931,0.0664596907768313,-0.950084576647568,-0.304831767895442,0.290146349105379,0.310707161362661,-0.905138749573112
1678298990.02047,True,-8.07199553645457,2.35564958828161,55.0082947496472,0.958771353515207,-0.0416622022531107,0.281108079894618,0.047063985378245,-0.952255922177559,-0.30165152072894,0.28025430051818,0.302444903381073,-0.911034910121384
1678298990.08629,True,-9.24438437340766,1.95256546775639,54.7357750138042,0.964014591719213,-0.0470026500126683,0.261661265464007,0.0320488149467885,-0.956521384236203,-0.28989604164142,0.263910478027958,0.287849947699568,-0.920594192462896
1678298990.15012,True,-10.2919681318668,1.68090292644643,54.552248859401,0.970912451717808,-0.0444192016222423,0.235278442757849,0.0231897486053566,-0.960576410031493,-0.277047281254715,0.238309140947082,0.274444703024582,-0.931605527207097
1678298990.22891,True,-11.0464920909189,1.47610341354309,54.4756374209478,0.979763434734136,-0.0371361585402669,0.196683801282262,0.0172397414555093,-0.963329727128048,-0.267765995126244,0.199415153066449,0.265738108972486,-0.943195024460589
1678298990.29673,True,-11.2639769718984,1.33994927220742,54.5769264649109,0.987722062156648,-0.0292635882033238,0.153456086013179,0.0118316352349128,-0.965464592988183,-0.260265503080661,0.155772720129957,0.258885615845353,-0.953264442624231
1678298990.36355,True,-10.8689134702661,1.22703985069563,54.9904210302056,0.991399664007452,-0.0231428416880576,0.128806502493132,0.0109164477908881,-0.966185257086401,-0.257617701558944,0.130412949408947,0.256808212227502,-0.957623101621391
1678298990.42838,True,-9.97631070348513,1.12641367857758,55.7058972610512,0.992772166676684,-0.0254939678859092,0.117275243225134,0.00304877374490219,-0.971504828766688,-0.237000153294591,0.119975539385053,0.235644701371449,-0.964405228451622
1678298990.49221,True,-8.6318697740179,1.14423644232675,56.7197920855999,0.991562129553634,-0.0316665521825494,0.12570510215553,-0.00508357055047522,-0.978457567567583,-0.206385430154814,0.12953262347965,0.204004945877787,-0.970362448527292
1678298990.55803,True,-6.88822030454221,1.23119646247871,57.3854619640307,0.981526338149987,-0.0412200175840718,0.186834037766798,2.36170680394049E-05,-0.976490377015818,-0.215560996095629,0.19132706802779,0.211583207617889,-0.958450050495076
1678298990.62884,True,-4.98678786642555,1.29818091191314,57.9085719635795,0.966313742162592,-0.0516288065010395,0.252135316937168,0.0100834242288821,-0.971325512716672,-0.237539623855713,0.257169353274352,0.23208019020367,-0.938084595892865
1678298990.69367,True,-3.13844315730113,1.34258094015389,58.4754238563704,0.950306234795758,-0.0592707819625816,0.305622372404008,0.0210242676016584,-0.967249233509772,-0.252956321222799,0.310605924412469,0.2468114557315,-0.917936852424813
1678298990.76049,True,-1.45931296025154,1.40673644213392,58.9091365901009,0.934405183704658,-0.0612224854845768,0.350911327741006,0.0364470912836238,-0.963517192207322,-0.265153219588001,0.354342436356173,0.260550240053641,-0.898084077470012
1678298990.82631,True,-0.0686443866511888,1.49435257519776,59.3044192278191,0.921616574206873,-0.0565815687648886,0.383954966400087,0.0547668288065686,-0.960455058360443,-0.272995742333668,0.384218017028952,0.272625396736883,-0.882072507475659
1678298990.89114,True,0.93462509306306,1.58486237179708,59.5141449122581,0.911957218225255,-0.0512245981616021,0.407075020935989,0.0723277275759217,-0.956565155156734,-0.282403618538566,0.403859792441086,0.286982829596398,-0.868641539166927
1678298990.96095,True,1.46888876968467,1.61186850604759,59.2332260251595,0.901557316341843,-0.0398443462613858,0.430821115338486,0.0882841316743707,-0.957859025522023,-0.273334958101783,0.423556746428382,0.284461799363296,-0.860047188971628
1678298991.02977,True,1.49059417373906,1.6955581927923,59.2255530975558,0.900721384599362,-0.0357155744508634,0.432926535415714,0.0998690869815356,-0.952892929608434,-0.286393488347293,0.42276134259282,0.301196717186461,-0.854724157120422
1678298991.0936,True,0.971009504314039,1.73720775789493,58.5506969051927,0.898398653653881,-0.0322609086555251,0.437994398235427,0.108300588180763,-0.95022616621983,-0.292132188625054,0.425618187713583,0.309886215898486,-0.850188033015945
1678298991.16142,True,-0.00449992581203451,1.75375199245445,57.987669559852,0.904193598185908,-0.0334107570884483,0.425814112389898,0.107811101779595,-0.946802099626615,-0.303220300236812,0.413292515456897,0.32007734292419,-0.852490346698366
1678298991.22724,True,-1.30859051451138,1.75157407634141,57.3187845061279,0.909093227948524,-0.0371543368834624,0.414932594705312,0.101112619467358,-0.946553318523162,-0.306289166274681,0.404135795349264,0.320400328407353,-0.856748439434749
1678298991.29306,True,-2.91886441711374,1.80693740505303,56.4356086352116,0.915045883552169,-0.0386023763292683,0.401498303279061,0.0942205025977737,-0.947413911758519,-0.305825729291443,0.392190677967304,0.317673946599582,-0.863290064675479
1678298991.35889,True,-4.76387997561627,1.94970265172001,55.7934662666882,0.930268701164651,-0.0348839249039286,0.365216723900659,0.0784971166318972,-0.953491609019729,-0.291018821057071,0.358382960412338,0.299394160451179,-0.884265113172414
1678298991.4287,True,-6.62290155534636,2.12343558730079,55.2903093270196,0.950732552928449,-0.0301329103585963,0.308544357452012,0.0577624969441821,-0.960618177388521,-0.271801786634175,0.304583497171018,0.276233099001689,-0.911550420035554
1678298991.49353,True,-8.23671480085596,2.27764115285122,54.6830038307075,0.968412618231035,-0.0240268812393503,0.24819288835263,0.0437247977261757,-0.963561862320693,-0.263887626736992,0.245489598383956,0.266404291367439,-0.932074895395374
1678298991.55837,True,-9.38274912683564,2.36767373899923,54.2203902811211,0.981040880030779,-0.0186233154626743,0.192904027510085,0.032931599631171,-0.96487711040289,-0.26062937586984,0.190982463734674,0.262040710466423,-0.945970593942585
1678298991.62619,True,-9.87340521010569,2.4348212502504,54.0078894590335,0.987864402117976,-0.0140619282558927,0.154680914148511,0.0274517796157307,-0.964407007706953,-0.262993390186239,0.152873551747915,0.264048074523273,-0.952317327111362
1678298991.695,True,-9.73765217777131,2.46587331228496,54.2531443155225,0.991530718980901,-0.0104539705775247,0.12945094752987,0.0237897290081739,-0.965269926954233,-0.260169208230887,0.127674907914338,0.26104536505545,-0.956846087556474
1678298991.76542,True,-8.96253116840169,2.45614390124442,54.8277658622204,0.990804877899099,-0.0121125532160001,0.134755259585445,0.0223623320855782,-0.967625581160357,-0.251397416032415,0.133437700950839,0.252099227961274,-0.958457280856212
1678298991.83775,True,-7.68164093967643,2.38461721964384,55.1907112994034,0.982601988812427,-0.0172393864756515,0.184921970397805,0.0310062692135343,-0.966481917464873,-0.254855477639543,0.183117292605918,0.256155239586007,-0.949132525194092
1678298991.90457,True,-6.04841750860301,2.1955854262996,55.7249771426885,0.972096361675488,-0.0203776579167004,0.233695131902891,0.0429006633952346,-0.963975319746878,-0.262509268406191,0.230625663570923,0.265209980914623,-0.936202686027837
1678298991.9691,True,-4.13253677375233,1.83455726591127,56.4771528572857,0.958584038333829,-0.0240765114640141,0.283790350518356,0.0533133744577546,-0.963638839275573,-0.261835581125932,0.279775491341781,0.266121229959863,-0.922445209976785
1678298992.04149,True,-2.04488227919533,1.36705996473518,57.5660675169324,0.944096613181096,-0.0239710223420602,0.328796251602508,0.0645107245803824,-0.964638067962976,-0.255561664282364,0.323295455263599,0.262485786138096,-0.909165144889183
1678298992.1113,True,0.131991126915498,0.871354020763071,58.5886246456917,0.926072292596307,-0.0180432002678142,0.376914515254474,0.0756116636777757,-0.969725190699121,-0.232198042281653,0.369693095961094,0.243531306914838,-0.896671354148806
1678298992.17413,True,2.34760822817777,0.452608552532484,60.4896585912847,0.917697972285077,-0.00374171494791236,0.397261162502839,0.080177070798092,-0.977635752535054,-0.194422150701651,0.389104187823899,0.210272049817531,-0.896874347990529
1678298992.24594,True,4.4924155753317,0.0169333447358384,61.8494379804806,0.907857990178398,0.0030869808991596,0.419266431065222,0.0840303994050128,-0.981023758759615,-0.174732014024309,0.410770935735568,0.193862980731458,-0.890889658182673
1678298992.31276,True,6.50609588074687,-0.39411951356909,62.782298600144,0.8966831320479,0.00830665842311362,0.442595029487014,0.0913191022772478,-0.981789616209797,-0.166583225631805,0.433151454182075,0.189789749271295,-0.881112744665229
1678298992.37559,True,8.32537233408262,-0.759077375801841,63.5332984386473,0.890076909107433,0.0159203191301078,0.455532259354433,0.0995186521084302,-0.982066380861744,-0.160130139148247,0.444813594392392,0.187862095750876,-0.875698977516709
1678298992.44042,True,9.86681722836567,-1.09578837006525,64.1328248009371,0.887246972802242,0.0171641528861543,0.460975271689229,0.102787115442094,-0.981539941632727,-0.161289032109179,0.449697251661994,0.190485523952144,-0.872632595662302
1678298992.50624,True,11.0920745476739,-1.38288147286118,64.513101456463,0.887868602441017,0.0151588380049236,0.459847316432069,0.102090129083743,-0.981033557442348,-0.164774891035245,0.448627852839187,0.193244324114197,-0.872576461322759
1678298992.57406,True,12.1132656622535,-1.55000289611628,64.8184725815943,0.891714981274042,0.012668011703633,0.452420063271858,0.100294399668122,-0.980286989408551,-0.170230584183721,0.44134501874004,0.197172360831321,-0.875407125032437
1678298992.64288,True,13.0883379581715,-1.56105281017126,65.225985739145,0.895441177940188,0.0157718696782241,0.444900376461902,0.101955230934971,-0.980075942712059,-0.17045901971461,0.433347698429432,0.197995946029009,-0.879208381228246
1678298992.70671,True,13.9735405081387,-1.46745898794309,65.594697013006,0.895606077353582,0.021923067479466,0.444307476101428,0.11044585644072,-0.978470165814398,-0.174349784646325,0.430919327719709,0.205220646435574,-0.878745138976119
1678298992.77353,True,14.5110584159702,-1.3431216205068,65.7661971462029,0.893651082051683,0.0270375031553751,0.447947225653849,0.120162728827298,-0.976150939105112,-0.180804487458099,0.432375603091379,0.215402686861914,-0.875587243136876
1678298992.83736,True,14.5024259516451,-1.18206080132561,65.6774750332745,0.892477263320191,0.0338942504151226,0.449817200921996,0.130169821340665,-0.974104422615037,-0.184868578871493,0.431902942880274,0.223543628025097,-0.873778057804575
1678298992.90318,True,13.8314820504845,-0.988754531058137,65.0624308062966,0.894315646482089,0.0387213027139636,0.44575798946677,0.138246221164514,-0.971415276680133,-0.192977570111641,0.425543777760944,0.234207217968607,-0.874104954945543
1678298992.97,True,12.5673859892029,-0.783019889745572,64.0457834327783,0.899915253233071,0.0425773845504477,0.433981224620721,0.142049324641182,-0.9695605765421,-0.199434896104805,0.41227967008748,0.241121244895993,-0.878570440484066
1678298993.04181,True,10.8410131044178,-0.545611236449151,62.7544176079118,0.907057015235723,0.0464538919836744,0.418437100447882,0.143744423391909,-0.968340062256201,-0.204095724044834,0.395708367178897,0.245274458004144,-0.885017134520787
1678298993.11561,True,8.82470650163838,-0.264558877957847,61.5086852106099,0.91506192170522,0.0507560018606333,0.400106870373744,0.144025246803931,-0.967761646889873,-0.206625562532972,0.37672059636847,0.246700675078371,-0.892871978050415
1678298993.18642,True,6.656264086656,-0.0264451276161184,60.3652453323295,0.923891610415121,0.0531202014542114,0.378949253069614,0.141203549442502,-0.967753495001444,-0.208601846917347,0.355648491954335,0.246234475876051,-0.901600095974182
1678298993.25324,True,4.39050950624893,0.144955379923636,59.2046701369111,0.930733779144295,0.0546811163555636,0.361586238501811,0.141321699745865,-0.965724846639901,-0.21772390259978,0.337287428672814,0.253742972506527,-0.90656036443407
1678298993.32206,True,1.82454251173385,0.199260532408326,57.2609151614644,0.929268651034203,0.0458253157806415,0.366551244219245,0.145444840462049,-0.957514696666156,-0.249020890792898,0.339566742464632,0.284720294503086,-0.896453446259221
1678298993.39686,True,-0.692571257751451,0.150024510422517,55.6229952206368,0.92422057512614,0.0391687495019651,0.37984488620483,0.148346408732555,-0.953423530895577,-0.262634563130529,0.35186598518422,0.299080891728412,-0.886984187386267
1678298993.46268,True,-2.94218267965852,0.185438301860368,54.6411873740657,0.923430350379222,0.0434383271140339,0.381299750506136,0.1572232405483,-0.949185892731315,-0.272629774000106,0.350081762778352,0.311703790123559,-0.883336576052758
1678298993.52651,True,-5.01698771118535,0.291062822192149,53.9934072088292,0.923906804817319,0.0534828113604026,0.378861194768268,0.166209177734287,-0.947977631458795,-0.271501232945018,0.344631288842356,0.313812044292058,-0.884732318618516
1678298993.59034,True,-7.03269496968725,0.413608344177802,54.2608037364918,0.939094665076863,0.0628199764019229,0.337868111234304,0.155309860168956,-0.954602813985299,-0.254189525483737,0.30656166974766,0.291182276411546,-0.906218971631756
1678298993.65617,True,-8.8508022928284,0.411641837636943,54.256355963714,0.953270567431777,0.0557356873613868,0.296932245508384,0.136443361565921,-0.956318247624803,-0.258531658302067,0.26955228500773,0.286965054343171,-0.919234803101434
1678298993.72199,True,-10.3457259690174,0.264009203440725,54.084900520631,0.968172921197173,0.0405742034810405,0.246971513888571,0.106784235482439,-0.959416128860683,-0.260993905550326,0.226358833962725,0.27905989624785,-0.933213401421762
1678298993.79679,True,-11.240988016359,0.225365516993848,54.1091186799419,0.980551085050977,0.0260888975760571,0.194522335552034,0.0768341482128282,-0.963045996350366,-0.258145157967258,0.180599233868146,0.268070472705961,-0.946320314898418
1678298993.86461,True,-11.3626454857127,0.524001066160963,54.3388657104012,0.986062279654296,0.0187622667959304,0.165315328955456,0.0625343353612561,-0.962560200577415,-0.26375616990943,0.154177292568972,0.270417894395036,-0.950317591569817
1678298993.93043,True,-10.804335221072,1.1452483418781,54.8681825894783,0.985653021538211,0.0185914537295812,0.167757202470762,0.0644470232228657,-0.960063302622333,-0.272259134200508,0.155995840746818,0.279164490589544,-0.947487458947913
1678298993.99626,True,-9.77500344171655,1.87315233636539,55.5051062232341,0.980554322971679,0.0234836642116086,0.194837720210306,0.0802875167255837,-0.95393098732067,-0.289084046753622,0.17907298612463,0.299105648466571,-0.937266598517092
1678298994.06208,True,-8.58205560568251,2.41323779892504,55.8716104015426,0.969549384218836,0.0228391383223813,0.243828557231442,0.104265531063924,-0.939392222767693,-0.32660519107254,0.221591269216171,0.342082775895343,-0.913168486010606
1678298994.12691,True,-7.43742311382886,2.83492793765656,56.2318675207797,0.953622848968546,0.0239280167110093,0.300051515479246,0.142909889492707,-0.913312345569846,-0.381362456089857,0.264915506171868,0.40655628078531,-0.874375071204411
1678298994.19837,True,-6.57582008762135,3.23760434050152,56.838805245703,0.939582733734892,0.0352233010160136,0.340504927325293,0.198651601879332,-0.866178765302931,-0.458554127240249,0.278786347474268,0.498491389698785,-0.82084377737675
1678298994.26755,True,-6.01596420610532,3.40808942269283,57.7173901747522,0.928437281078012,0.0498769814543402,0.368125660373562,0.256282171366286,-0.803367323490267,-0.537513155362607,0.268930592800911,0.593391296084707,-0.758658754636538
1678298994.33537,True,-5.6645473101004,3.14437498338294,58.6466560533345,0.920063440222313,0.0689296333751397,0.385657842665039,0.307079893612596,-0.738176706556704,-0.600663873423377,0.243280095579477,0.671076639095615,-0.700336304610131
1678298994.40019,True,-5.29373453348891,2.05426989524548,58.8935800562855,0.91214183605548,0.0764888504690699,0.402674467369436,0.33167879738255,-0.714930149677964,-0.615519338809358,0.240803750560915,0.694999522902976,-0.677487429315432
1678298994.46502,True,-5.02419283139383,0.294772645681185,59.36997608453,0.916741579451136,0.0828308006591142,0.390799097961609,0.323615417487487,-0.727547807280145,-0.604935740129687,0.234217715106771,0.68103835911351,-0.693778650108333
1678298994.52785,False
1678298994.59667,True,-5.03177112637453,-3.54898982239918,61.3528182938144,0.988652637783154,0.119497134774123,-0.0910296467376786,0.140336050990312,-0.950884747137446,0.275905763719789,-0.0535887543879877,-0.285549702227354,-0.956864469484061
1678298994.66349,True,-5.13213875809888,-5.77367196972045,62.1949291960571,0.944988681923403,0.0590746198074247,0.321724385664622,0.191282095345417,-0.897656421024878,-0.397019029510016,0.265344212367515,0.436718604008824,-0.859575075182876
1678298994.73031,True,-5.24756059577955,-7.47003249221348,62.4748962530289,0.949273841599369,0.0521174476710496,0.310101508063782,0.161282413992231,-0.927270966230113,-0.33787059375375,0.269939172022171,0.370745636299241,-0.888639700088318
1678298994.80112,True,-5.19877157040507,-8.43377713925852,62.5701524537264,0.934789276042821,0.0212009201417695,0.354569500070831,0.134337309009202,-0.945175377059065,-0.297652471868488,0.328819854637008,0.325874251186554,-0.886387881014909
1678298994.86695,True,-4.98819092081076,-8.53893998034559,62.5216283375479,0.947911937766241,0.0261513666445672,0.317457184928725,0.0968884606201441,-0.973072994180932,-0.209144864135879,0.303439589438998,0.229008851397447,-0.924921273159351
1678298994.92878,True,-4.72249852367406,-7.77667789182646,62.1159941921427,0.983739472167095,0.0691851804365936,-0.165740947590995,0.0801434852776399,-0.99495407569146,0.0603606579860207,-0.16072856830059,-0.0726622190199875,-0.984320338740968
1678298994.99859,True,-4.2924893749826,-6.18336128983573,60.7894532804235,0.938061273803961,0.00811614490012363,0.346374327543556,0.145278277223924,-0.916807817714712,-0.371964578345891,0.314539772932039,0.399246231753223,-0.861201008867682
1678298995.06143,True,-3.79718467467465,-4.11706746236361,59.0030966665958,0.930932100873711,-0.00082652304157857,0.365191375065897,0.169465745462821,-0.88483152993642,-0.433998300394258,0.323491552714425,0.465910378173781,-0.823578007739628
1678298995.12525,True,-3.44092445529885,-1.89371985615525,57.5890462436709,0.926124644310984,-0.000953388590277188,0.377216428923834,0.183439073992246,-0.872653594655479,-0.452576855205542,0.329610754273463,0.488338811467066,-0.808011111236851
1678298995.19307,True,-3.16816278407224,0.2907135126202,56.686685617087,0.924935264723949,-0.0047565967959549,0.380094897173007,0.194412693284112,-0.853329555315893,-0.483768926983119,0.326647303310553,0.521350213207304,-0.788349855348907
1678298995.2579,True,-3.00635119350961,2.26177908318136,55.8631665857424,0.930051514833888,-0.00258458669289556,0.36742005887923,0.197827901538305,-0.839139124180232,-0.506665226400021,0.309626066616073,0.543910700558153,-0.779931310238407
1678298995.32771,True,-2.98162175855126,3.98102171173916,55.746888677416,0.933977476575677,-0.00385791242731449,0.357311054630324,0.196801723397097,-0.829065818258534,-0.523372669006742,0.298253507803787,0.559137716047676,-0.773569557037843
1678298995.39653,True,-3.02579972573012,5.34911905600376,55.7617498956932,0.940014021636309,0.00391823851334318,0.341113304539833,0.184711566557267,-0.846516807779142,-0.499290427834714,0.286801806666368,0.532347575888501,-0.796461412837146
1678298995.46335,True,-3.0986800204117,6.18703230981747,55.6769180939076,0.943552100720566,0.0100358342037627,0.331072069582504,0.18325669512564,-0.848436308873835,-0.496560986663442,0.27591016095359,0.529202335422263,-0.80238299537452
1678298995.52917,True,-3.22567564472509,6.24066619970067,55.4982916581711,0.946316962552782,0.0132672911985948,0.322967777601927,0.181637007495586,-0.848316465309082,-0.497360203668884,0.267380260851329,0.529323297871686,-0.805186091805688
1678298995.59101,True,-3.29152922405061,5.63129070663134,55.2085489690136,0.945870787048415,0.0110969538096742,0.324353683229523,0.180867464697122,-0.847850911739742,-0.498433337243932,0.269472474331697,0.530118561340983,-0.803964487088403
1678298995.65484,True,-3.39284475378522,4.00018145783607,54.8431131673599,0.94470968711499,0.00598105235983475,0.327853372841833,0.176252747965007,-0.852381179812745,-0.492322346776801,0.276511439014521,0.522886748076199,-0.806306934597748
1678298995.72066,True,-3.42970314130458,2.01374055410733,54.5890332634772,0.947220709729237,-0.00120223972831263,0.320579914654174,0.160698041273497,-0.863504539740264,-0.47805444185659,0.277396947695722,0.504339632061163,-0.81773618541771
1678298995.80145,True,-3.46328301831919,-0.0211732933060509,54.9163371830666,0.951316775383824,-0.00810446633329506,0.308108277231846,0.136531825912225,-0.885142470117897,-0.444839148576945,0.276324905476139,0.465249530057839,-0.840944362841302
1678298995.86827,True,-3.53575999423995,-1.86760465536429,56.0332196036537,0.954251345784028,-0.01336370472616,0.298706847034618,0.104252594823062,-0.921440874812391,-0.374270103932485,0.280242333600813,0.388288714259077,-0.877892993955985
1678298995.93409,True,-3.5054870637469,-3.111242534732,57.0021810558686,0.948429904413763,-0.0255180599798209,0.315958138095171,0.0728291667728225,-0.952548043331852,-0.29554718339351,0.308507096970033,0.303316754828227,-0.901566590640756
1678298995.99992,True,-3.25320810770549,-3.35045553314932,57.0493342862449,0.937102413396063,-0.0409986330388663,0.346638397896451,0.0567235474181197,-0.9619907564821,-0.267125857249541,0.344414729614717,0.269986845109058,-0.899158271658822
1678298996.06474,True,-2.94717370772848,-2.65998040108487,56.7445527852285,0.9230609838439,-0.0494036537496017,0.381467821842579,0.0559835119302775,-0.963903073485837,-0.260301193459632,0.380557835942298,0.261629784085731,-0.886975529302906
